0 1
1e-05 1e-05 1.00001 1.00001 0 0 1.00001 1.00001 0 1
2e-05 3e-05 1.00003 1.00003 0 0 1.00003 1.00003 0 1
4e-05 7e-05 1.00007 1.00007 2.22045e-16 -1.4803e-17 1.00007 1.00007 0 1
8e-05 0.00015 1.00015 1.00015 0 0 1.00015 1.00015 0 1
0.00016 0.00031 1.00031 1.00031 0 0 1.00031 1.00031 0 1
0.00032 0.00063 1.00063 1.00063 0 0 1.00063 1.00063 0 1
0.00064 0.00127 1.00127 1.00127 -4.88498e-15 3.25665e-16 1.00127 1.00127 0 1
0.00128 0.00255 1.00255 1.00255 -1.58762e-13 1.05841e-14 1.00255 1.00255 0 1
0.00256 0.00511 1.00512 1.00512 -5.29199e-12 3.52799e-13 1.00512 1.00512 0 1
0.00512 0.01023 1.0103 1.0103 -1.82762e-10 1.21841e-11 1.0103 1.0103 0 1
0.01024 0.02047 1.02106 1.02106 -6.68219e-09 4.45479e-10 1.02106 1.02106 0 1
0.02048 0.04095 1.04578 1.04578 -2.571e-07 1.714e-08 1.04578 1.04578 0 0
0.02048 0.06143 1.07799 1.07799 -2.49014e-07 1.66009e-08 1.07799 1.07799 0 0
0.02048 0.08191 1.12162 1.12162 -1.51801e-07 1.01201e-08 1.12162 1.12162 0 0
0.02048 0.10239 1.18069 1.18069 5.04363e-08 -3.36242e-09 1.18069 1.18069 0 0
0.02048 0.12287 1.25939 1.25939 3.01088e-07 -2.00726e-08 1.25939 1.25939 0 0
0.02048 0.14335 1.36184 1.36184 4.1091e-07 -2.7394e-08 1.36184 1.36184 0 0
0.02048 0.16383 1.49119 1.49119 4.73762e-08 -3.15841e-09 1.49119 1.49119 0 0
0.02048 0.18431 1.64706 1.64706 -9.63075e-07 6.4205e-08 1.64706 1.64706 0 0
0.01024 0.19455 1.73269 1.73269 -3.94142e-08 2.62761e-09 1.73269 1.73269 1 1
0.02048 0.21503 1.90745 1.90745 -1.35549e-06 9.03663e-08 1.90745 1.90745 0 0
0.02048 0.23551 2.05976 2.05976 1.15993e-06 -7.73287e-08 2.05976 2.05976 0 0
0.02048 0.25599 2.15369 2.15369 5.97706e-07 -3.98471e-08 2.15369 2.15369 0 0
0.01024 0.26623 2.17239 2.17239 -1.2872e-07 8.58132e-09 2.17239 2.17239 1 0
0.01024 0.27647 2.17329 2.17329 -1.88397e-07 1.25598e-08 2.17329 2.17329 0 0
0.01024 0.28671 2.15982 2.15982 -1.77799e-07 1.18533e-08 2.15982 2.15982 0 0
0.01024 0.29695 2.13655 2.13655 -1.24204e-07 8.28027e-09 2.13655 2.13655 0 0
0.01024 0.30719 2.10834 2.10834 -7.46817e-08 4.97878e-09 2.10834 2.10834 0 0
0.01024 0.31743 2.07963 2.07963 -5.68742e-08 3.79161e-09 2.07963 2.07963 0 0
0.01024 0.32767 2.05422 2.05422 -7.03888e-08 4.69259e-09 2.05422 2.05422 0 0
0.01024 0.33791 2.03516 2.03516 -9.99099e-08 6.66066e-09 2.03516 2.03516 0 0
0.01024 0.34815 2.02498 2.02498 -1.29099e-07 8.60658e-09 2.02498 2.02498 0 0
0.01024 0.35839 2.02585 2.02585 -1.46403e-07 9.76022e-09 2.02585 2.02585 0 0
0.01024 0.36863 2.03988 2.03988 -1.44319e-07 9.62124e-09 2.03988 2.03988 0 0
0.01024 0.37887 2.06939 2.06939 -1.1583e-07 7.72199e-09 2.06939 2.06939 0 0
0.01024 0.38911 2.11727 2.11727 -5.01169e-08 3.34113e-09 2.11727 2.11727 0 0
0.01024 0.39935 2.18738 2.18738 7.21157e-08 -4.80771e-09 2.18738 2.18738 0 0
