0 1
1e-05 1e-05 1.00001 1.00001 0 0 1.00001 1.00001 0 1
2e-05 3e-05 1.00003 1.00003 0 0 1.00003 1.00003 0 1
4e-05 7e-05 1.00007 1.00007 -2.22045e-16 1.4803e-17 1.00007 1.00007 0 1
8e-05 0.00015 1.00015 1.00015 0 0 1.00015 1.00015 0 1
0.00016 0.00031 1.00031 1.00031 0 0 1.00031 1.00031 0 1
0.00032 0.00063 1.00063 1.00063 -2.22045e-16 1.4803e-17 1.00063 1.00063 0 1
0.00064 0.00127 1.00127 1.00127 0 0 1.00127 1.00127 0 1
0.00128 0.00255 1.00255 1.00255 0 0 1.00255 1.00255 0 1
0.00256 0.00511 1.00512 1.00512 -8.88178e-16 5.92119e-17 1.00512 1.00512 0 1
0.00512 0.01023 1.01028 1.01028 -2.75335e-14 1.83557e-15 1.01028 1.01028 0 1
0.01024 0.02047 1.02068 1.02068 -8.89955e-13 5.93303e-14 1.02068 1.02068 0 1
0.02048 0.04095 1.0418 1.0418 -2.88116e-11 1.92077e-12 1.0418 1.0418 0 1
0.04096 0.08191 1.08536 1.08536 -9.4373e-10 6.29153e-11 1.08536 1.08536 0 1
0.08192 0.16383 1.17801 1.17801 -3.16422e-08 2.10948e-09 1.17801 1.17801 0 1
0.16384 0.32767 1.38773 1.38773 -1.11166e-06 7.41107e-08 1.38773 1.38773 0 0
0.16384 0.49151 1.63478 1.63478 -1.30956e-06 8.73042e-08 1.63478 1.63478 0 0
0.08192 0.57343 1.77434 1.77434 -4.76599e-08 3.17732e-09 1.77434 1.77434 1 0
0.08192 0.65535 1.92581 1.92581 -5.17285e-08 3.44857e-09 1.92581 1.92581 0 0
0.08192 0.73727 2.09022 2.09022 -5.61445e-08 3.74297e-09 2.09022 2.09022 0 0
0.08192 0.81919 2.26866 2.26866 -6.09375e-08 4.0625e-09 2.26866 2.26866 0 0
0.08192 0.90111 2.46233 2.46233 -6.61397e-08 4.40931e-09 2.46233 2.46233 0 0
0.08192 0.98303 2.67254 2.67254 -7.1786e-08 4.78573e-09 2.67254 2.67254 0 0
0.08192 1.06495 2.90069 2.90069 -7.79143e-08 5.19429e-09 2.90069 2.90069 0 0
0.08192 1.14687 3.14832 3.14832 -8.45657e-08 5.63772e-09 3.14832 3.14832 0 0
0.08192 1.22879 3.41709 3.41709 -9.1785e-08 6.119e-09 3.41709 3.41709 0 0
0.08192 1.31071 3.7088 3.7088 -9.96206e-08 6.64137e-09 3.7088 3.7088 0 0
0.08192 1.39263 4.02541 4.02541 -1.08125e-07 7.20834e-09 4.02541 4.02541 0 0
0.08192 1.47455 4.36906 4.36906 -1.17356e-07 7.82371e-09 4.36906 4.36906 0 0
0.08192 1.55647 4.74204 4.74204 -1.27374e-07 8.49161e-09 4.74204 4.74204 0 0
0.08192 1.63839 5.14687 5.14687 -1.38248e-07 9.21653e-09 5.14687 5.14687 0 0
0.08192 1.72031 5.58625 5.58625 -1.5005e-07 1.00033e-08 5.58625 5.58625 0 0
0.08192 1.80223 6.06314 6.06314 -1.6286e-07 1.08573e-08 6.06314 6.06314 0 0
0.08192 1.88415 6.58074 6.58074 -1.76763e-07 1.17842e-08 6.58074 6.58074 0 0
0.08192 1.96607 7.14253 7.14254 -1.91853e-07 1.27902e-08 7.14254 7.14253 0 0
0.08192 2.04799 7.75229 7.75229 -2.08231e-07 1.38821e-08 7.75229 7.75229 0 0
0.08192 2.12991 8.41409 8.41409 -2.26008e-07 1.50672e-08 8.41409 8.41409 0 0
0.08192 2.21183 9.13239 9.13239 -2.45302e-07 1.63534e-08 9.13239 9.13239 0 0
0.08192 2.29375 9.91201 9.91201 -2.66243e-07 1.77495e-08 9.91201 9.91201 0 0
0.08192 2.37567 10.7582 10.7582 -2.88972e-07 1.92648e-08 10.7582 10.7582 0 0
0.08192 2.45759 11.6766 11.6766 -3.13641e-07 2.09094e-08 11.6766 11.6766 0 0
0.08192 2.53951 12.6734 12.6734 -3.40416e-07 2.26944e-08 12.6734 12.6734 0 0
0.08192 2.62143 13.7553 13.7553 -3.69477e-07 2.46318e-08 13.7553 13.7553 0 0
0.08192 2.70335 14.9296 14.9296 -4.01019e-07 2.67346e-08 14.9296 14.9296 0 0
0.08192 2.78527 16.2042 16.2042 -4.35254e-07 2.90169e-08 16.2042 16.2042 0 0
0.08192 2.86719 17.5875 17.5875 -4.72411e-07 3.1494e-08 17.5875 17.5875 0 0
0.08192 2.94911 19.0889 19.0889 -5.1274e-07 3.41827e-08 19.0889 19.0889 0 0
0.08192 3.03103 20.7185 20.7185 -5.56512e-07 3.71008e-08 20.7185 20.7185 0 0
0.08192 3.11295 22.4872 22.4872 -6.04021e-07 4.0268e-08 22.4872 22.4872 0 0
0.08192 3.19487 24.4069 24.4069 -6.55585e-07 4.37057e-08 24.4069 24.4069 0 0
0.08192 3.27679 26.4905 26.4905 -7.11552e-07 4.74368e-08 26.4905 26.4905 0 0
0.08192 3.35871 28.752 28.752 -7.72296e-07 5.14864e-08 28.752 28.752 0 0
0.08192 3.44063 31.2065 31.2065 -8.38227e-07 5.58818e-08 31.2065 31.2065 0 0
0.08192 3.52255 33.8706 33.8706 -9.09785e-07 6.06523e-08 33.8706 33.8706 0 0
0.08192 3.60447 36.7621 36.7621 -9.87452e-07 6.58302e-08 36.7621 36.7621 0 0
0.08192 3.68639 39.9004 39.9004 -1.07175e-06 7.145e-08 39.9004 39.9004 0 0
0.08192 3.76831 43.3067 43.3067 -1.16324e-06 7.75496e-08 43.3067 43.3067 0 0
0.08192 3.85023 47.0037 47.0037 -1.26255e-06 8.417e-08 47.0037 47.0037 0 0
0.08192 3.93215 51.0164 51.0164 -1.37033e-06 9.13555e-08 51.0164 51.0164 0 0
0.08192 4.01407 55.3716 55.3716 -1.48732e-06 9.91544e-08 55.3716 55.3716 0 0
0.04096 4.05503 57.6867 57.6867 -5.01592e-08 3.34395e-09 57.6867 57.6867 1 0
0.04096 4.09599 60.0986 60.0986 -5.22564e-08 3.48376e-09 60.0986 60.0986 0 0
0.04096 4.13695 62.6114 62.6114 -5.44412e-08 3.62942e-09 62.6114 62.6114 0 0
0.04096 4.17791 65.2292 65.2292 -5.67175e-08 3.78116e-09 65.2292 65.2292 0 0
0.04096 4.21887 67.9564 67.9564 -5.90888e-08 3.93926e-09 67.9564 67.9564 0 0
0.04096 4.25983 70.7977 70.7977 -6.15594e-08 4.10396e-09 70.7977 70.7977 0 0
0.04096 4.30079 73.7578 73.7578 -6.41332e-08 4.27555e-09 73.7578 73.7578 0 0
0.04096 4.34175 76.8417 76.8417 -6.68146e-08 4.45431e-09 76.8417 76.8417 0 0
0.04096 4.38271 80.0544 80.0544 -6.96082e-08 4.64054e-09 80.0544 80.0544 0 0
0.04096 4.42367 83.4016 83.4016 -7.25185e-08 4.83457e-09 83.4016 83.4016 0 0
0.04096 4.46463 86.8886 86.8886 -7.55506e-08 5.0367e-09 86.8886 86.8886 0 0
0.04096 4.50559 90.5215 90.5215 -7.87094e-08 5.24729e-09 90.5215 90.5215 0 0
0.04096 4.54655 94.3062 94.3062 -8.20002e-08 5.46668e-09 94.3062 94.3062 0 0
0.04096 4.58751 98.2492 98.2492 -8.54287e-08 5.69525e-09 98.2492 98.2492 0 0
0.04096 4.62847 102.357 102.357 -8.90005e-08 5.93337e-09 102.357 102.357 0 0
0.04096 4.66943 106.637 106.637 -9.27217e-08 6.18144e-09 106.637 106.637 0 0
0.04096 4.71039 111.095 111.095 -9.65984e-08 6.43989e-09 111.095 111.095 0 0
0.04096 4.75135 115.74 115.74 -1.00637e-07 6.70915e-09 115.74 115.74 0 0
0.04096 4.79231 120.579 120.579 -1.04845e-07 6.98966e-09 120.579 120.579 0 0
0.04096 4.83327 125.621 125.621 -1.09229e-07 7.2819e-09 125.621 125.621 0 0
0.04096 4.87423 130.873 130.873 -1.13795e-07 7.58636e-09 130.873 130.873 0 0
0.04096 4.91519 136.345 136.345 -1.18553e-07 7.90355e-09 136.345 136.345 0 0
0.04096 4.95615 142.045 142.045 -1.2351e-07 8.234e-09 142.045 142.045 0 0
0.04096 4.99711 147.984 147.984 -1.28674e-07 8.57826e-09 147.984 147.984 0 0
0.04096 5.03807 154.172 154.172 -1.34054e-07 8.93693e-09 154.172 154.172 0 0
0.04096 5.07903 160.618 160.618 -1.39659e-07 9.31058e-09 160.618 160.618 0 0
0.04096 5.11999 167.333 167.333 -1.45498e-07 9.69987e-09 167.333 167.333 0 0
0.04096 5.16095 174.329 174.329 -1.51581e-07 1.01054e-08 174.329 174.329 0 0
0.04096 5.20191 181.618 181.618 -1.57919e-07 1.05279e-08 181.618 181.618 0 0
0.04096 5.24287 189.212 189.212 -1.64522e-07 1.09681e-08 189.212 189.212 0 0
0.04096 5.28383 197.123 197.123 -1.714e-07 1.14267e-08 197.123 197.123 0 0
0.04096 5.32479 205.365 205.365 -1.78567e-07 1.19044e-08 205.365 205.365 0 0
0.04096 5.36575 213.951 213.951 -1.86033e-07 1.24022e-08 213.951 213.951 0 0
0.04096 5.40671 222.896 222.896 -1.93811e-07 1.29207e-08 222.896 222.896 0 0
0.04096 5.44767 232.216 232.216 -2.01914e-07 1.34609e-08 232.216 232.216 0 0
0.04096 5.48863 241.925 241.925 -2.10356e-07 1.40237e-08 241.925 241.925 0 0
0.04096 5.52959 252.04 252.04 -2.19151e-07 1.46101e-08 252.04 252.04 0 0
0.04096 5.57055 262.578 262.578 -2.28314e-07 1.52209e-08 262.578 262.578 0 0
0.04096 5.61151 273.556 273.556 -2.3786e-07 1.58573e-08 273.556 273.556 0 0
0.04096 5.65247 284.994 284.994 -2.47805e-07 1.65203e-08 284.994 284.994 0 0
0.04096 5.69343 296.909 296.909 -2.58166e-07 1.72111e-08 296.909 296.909 0 0
0.04096 5.73439 309.323 309.323 -2.6896e-07 1.79307e-08 309.323 309.323 0 0
0.04096 5.77535 322.256 322.256 -2.80205e-07 1.86803e-08 322.256 322.256 0 0
0.04096 5.81631 335.73 335.73 -2.91921e-07 1.94614e-08 335.73 335.73 0 0
0.04096 5.85727 349.767 349.767 -3.04126e-07 2.02751e-08 349.767 349.767 0 0
0.04096 5.89823 364.391 364.391 -3.16842e-07 2.11228e-08 364.391 364.391 0 0
0.04096 5.93919 379.626 379.626 -3.30089e-07 2.20059e-08 379.626 379.626 0 0
0.04096 5.98015 395.498 395.498 -3.4389e-07 2.2926e-08 395.498 395.498 0 0
0.04096 6.02111 412.034 412.034 -3.58268e-07 2.38846e-08 412.034 412.034 0 0
0.04096 6.06207 429.262 429.262 -3.73248e-07 2.48832e-08 429.262 429.262 0 0
0.04096 6.10303 447.209 447.209 -3.88853e-07 2.59236e-08 447.209 447.209 0 0
0.04096 6.14399 465.907 465.907 -4.05111e-07 2.70074e-08 465.907 465.907 0 0
0.04096 6.18495 485.387 485.387 -4.22049e-07 2.81366e-08 485.387 485.387 0 0
0.04096 6.22591 505.681 505.681 -4.39695e-07 2.9313e-08 505.681 505.681 0 0
0.04096 6.26687 526.824 526.824 -4.58079e-07 3.05386e-08 526.824 526.824 0 0
0.04096 6.30783 548.851 548.851 -4.77232e-07 3.18154e-08 548.851 548.851 0 0
0.04096 6.34879 571.799 571.799 -4.97185e-07 3.31457e-08 571.799 571.799 0 0
0.04096 6.38975 595.706 595.706 -5.17972e-07 3.45315e-08 595.706 595.706 0 0
0.04096 6.43071 620.613 620.613 -5.39629e-07 3.59753e-08 620.613 620.613 0 0
0.04096 6.47167 646.561 646.561 -5.62191e-07 3.74794e-08 646.561 646.561 0 0
0.04096 6.51263 673.594 673.594 -5.85697e-07 3.90464e-08 673.594 673.594 0 0
0.04096 6.55359 701.757 701.757 -6.10185e-07 4.0679e-08 701.757 701.757 0 0
0.04096 6.59455 731.098 731.098 -6.35697e-07 4.23798e-08 731.098 731.098 0 0
0.04096 6.63551 761.665 761.665 -6.62276e-07 4.41517e-08 761.665 761.665 0 0
0.04096 6.67647 793.511 793.511 -6.89966e-07 4.59977e-08 793.511 793.511 0 0
0.04096 6.71743 826.688 826.688 -7.18814e-07 4.79209e-08 826.688 826.688 0 0
0.04096 6.75839 861.252 861.252 -7.48867e-07 4.99245e-08 861.252 861.252 0 0
0.04096 6.79935 897.261 897.261 -7.80178e-07 5.20119e-08 897.261 897.261 0 0
0.04096 6.84031 934.776 934.776 -8.12798e-07 5.41865e-08 934.776 934.776 0 0
0.04096 6.88127 973.859 973.859 -8.46781e-07 5.64521e-08 973.859 973.859 0 0
0.04096 6.92223 1014.58 1014.58 -8.82185e-07 5.88123e-08 1014.58 1014.58 0 0
0.04096 6.96319 1057 1057 -9.1907e-07 6.12713e-08 1057 1057 0 0
0.04096 7.00415 1101.19 1101.19 -9.57496e-07 6.38331e-08 1101.19 1101.19 0 0
0.04096 7.04511 1147.23 1147.23 -9.9753e-07 6.6502e-08 1147.23 1147.23 0 0
0.04096 7.08607 1195.2 1195.2 -1.03924e-06 6.92825e-08 1195.2 1195.2 0 0
0.04096 7.12703 1245.17 1245.17 -1.08269e-06 7.21792e-08 1245.17 1245.17 0 0
0.04096 7.16799 1297.23 1297.23 -1.12796e-06 7.5197e-08 1297.23 1297.23 0 0
0.04096 7.20895 1351.47 1351.47 -1.17512e-06 7.83411e-08 1351.47 1351.47 0 0
0.04096 7.24991 1407.97 1407.97 -1.22425e-06 8.16165e-08 1407.97 1407.97 0 0
0.04096 7.29087 1466.84 1466.84 -1.27543e-06 8.50289e-08 1466.84 1466.84 0 0
0.04096 7.33183 1528.17 1528.17 -1.32876e-06 8.85841e-08 1528.17 1528.17 0 0
0.04096 7.37279 1592.06 1592.06 -1.38432e-06 9.22878e-08 1592.06 1592.06 0 0
0.04096 7.41375 1658.63 1658.63 -1.4422e-06 9.61464e-08 1658.63 1658.63 0 0
0.02048 7.43423 1692.95 1692.95 -4.68194e-08 3.12129e-09 1692.95 1692.95 1 1
0.02048 7.45471 1727.98 1727.98 -4.7788e-08 3.18587e-09 1727.98 1727.98 1 0
0.02048 7.47519 1763.73 1763.73 -4.87769e-08 3.25179e-09 1763.73 1763.73 0 0
0.02048 7.49567 1800.23 1800.23 -4.9786e-08 3.31906e-09 1800.23 1800.23 0 0
0.02048 7.51615 1837.47 1837.47 -5.08162e-08 3.38775e-09 1837.47 1837.47 0 0
0.02048 7.53663 1875.49 1875.49 -5.18678e-08 3.45785e-09 1875.49 1875.49 0 0
0.02048 7.55711 1914.3 1914.3 -5.29408e-08 3.52939e-09 1914.3 1914.3 0 0
0.02048 7.57759 1953.91 1953.91 -5.40363e-08 3.60242e-09 1953.91 1953.91 0 0
0.02048 7.59807 1994.34 1994.34 -5.51545e-08 3.67697e-09 1994.34 1994.34 0 0
0.02048 7.61855 2035.6 2035.6 -5.62954e-08 3.75303e-09 2035.6 2035.6 0 0
0.02048 7.63903 2077.72 2077.72 -5.74605e-08 3.8307e-09 2077.72 2077.72 0 0
0.02048 7.65951 2120.71 2120.71 -5.86492e-08 3.90995e-09 2120.71 2120.71 0 0
0.02048 7.67999 2164.59 2164.59 -5.98625e-08 3.99083e-09 2164.59 2164.59 0 0
0.02048 7.70047 2209.38 2209.38 -6.11012e-08 4.07341e-09 2209.38 2209.38 0 0
0.02048 7.72095 2255.09 2255.09 -6.23659e-08 4.15772e-09 2255.09 2255.09 0 0
0.02048 7.74143 2301.75 2301.75 -6.36564e-08 4.24376e-09 2301.75 2301.75 0 0
0.02048 7.76191 2349.38 2349.38 -6.49729e-08 4.33153e-09 2349.38 2349.38 0 0
0.02048 7.78239 2397.99 2397.99 -6.63181e-08 4.42121e-09 2397.99 2397.99 0 0
0.02048 7.80287 2447.61 2447.61 -6.76901e-08 4.51267e-09 2447.61 2447.61 0 0
0.02048 7.82335 2498.25 2498.25 -6.90902e-08 4.60601e-09 2498.25 2498.25 0 0
0.02048 7.84383 2549.94 2549.94 -7.05199e-08 4.70133e-09 2549.94 2549.94 0 0
0.02048 7.86431 2602.71 2602.71 -7.19792e-08 4.79862e-09 2602.71 2602.71 0 0
0.02048 7.88479 2656.56 2656.56 -7.34681e-08 4.89787e-09 2656.56 2656.56 0 0
0.02048 7.90527 2711.53 2711.53 -7.49887e-08 4.99925e-09 2711.53 2711.53 0 0
0.02048 7.92575 2767.63 2767.63 -7.65399e-08 5.10266e-09 2767.63 2767.63 0 0
0.02048 7.94623 2824.9 2824.9 -7.81242e-08 5.20828e-09 2824.9 2824.9 0 0
0.02048 7.96671 2883.35 2883.35 -7.97404e-08 5.31603e-09 2883.35 2883.35 0 0
0.02048 7.98719 2943.01 2943.01 -8.13902e-08 5.42602e-09 2943.01 2943.01 0 0
0.02048 8.00767 3003.9 3003.9 -8.30742e-08 5.53828e-09 3003.9 3003.9 0 0
0.02048 8.02815 3066.05 3066.05 -8.47931e-08 5.65287e-09 3066.05 3066.05 0 0
0.02048 8.04863 3129.5 3129.5 -8.65475e-08 5.76983e-09 3129.5 3129.5 0 0
0.02048 8.06911 3194.25 3194.25 -8.83383e-08 5.88922e-09 3194.25 3194.25 0 0
0.02048 8.08959 3260.34 3260.34 -9.01664e-08 6.01109e-09 3260.34 3260.34 0 0
0.02048 8.11007 3327.8 3327.8 -9.20318e-08 6.13545e-09 3327.8 3327.8 0 0
0.02048 8.13055 3396.66 3396.66 -9.39363e-08 6.26242e-09 3396.66 3396.66 0 0
0.02048 8.15103 3466.94 3466.94 -9.58798e-08 6.39199e-09 3466.94 3466.94 0 0
0.02048 8.17151 3538.67 3538.67 -9.78639e-08 6.52426e-09 3538.67 3538.67 0 0
0.02048 8.19199 3611.89 3611.89 -9.98889e-08 6.65926e-09 3611.89 3611.89 0 0
0.02048 8.21247 3686.63 3686.63 -1.01955e-07 6.79702e-09 3686.63 3686.63 0 0
0.02048 8.23295 3762.91 3762.91 -1.04065e-07 6.93766e-09 3762.91 3762.91 0 0
0.02048 8.25343 3840.77 3840.77 -1.06219e-07 7.08123e-09 3840.77 3840.77 0 0
0.02048 8.27391 3920.24 3920.24 -1.08416e-07 7.22772e-09 3920.24 3920.24 0 0
0.02048 8.29439 4001.35 4001.35 -1.1066e-07 7.37731e-09 4001.35 4001.35 0 0
0.02048 8.31487 4084.14 4084.14 -1.12949e-07 7.52995e-09 4084.14 4084.14 0 0
0.02048 8.33535 4168.65 4168.65 -1.15286e-07 7.68572e-09 4168.65 4168.65 0 0
0.02048 8.35583 4254.9 4254.9 -1.17671e-07 7.84476e-09 4254.9 4254.9 0 0
0.02048 8.37631 4342.94 4342.94 -1.20106e-07 8.00707e-09 4342.94 4342.94 0 0
0.02048 8.39679 4432.8 4432.8 -1.22592e-07 8.17278e-09 4432.8 4432.8 0 0
0.02048 8.41727 4524.52 4524.52 -1.25127e-07 8.34182e-09 4524.52 4524.52 0 0
0.02048 8.43775 4618.14 4618.14 -1.27718e-07 8.51451e-09 4618.14 4618.14 0 0
0.02048 8.45823 4713.69 4713.69 -1.3036e-07 8.69065e-09 4713.69 4713.69 0 0
0.02048 8.47871 4811.22 4811.22 -1.33057e-07 8.87048e-09 4811.22 4811.22 0 0
0.02048 8.49919 4910.77 4910.77 -1.3581e-07 9.05402e-09 4910.77 4910.77 0 0
0.02048 8.51967 5012.38 5012.38 -1.3862e-07 9.24132e-09 5012.38 5012.38 0 0
0.02048 8.54015 5116.1 5116.1 -1.41488e-07 9.43255e-09 5116.1 5116.1 0 0
0.02048 8.56063 5221.95 5221.95 -1.44415e-07 9.62767e-09 5221.95 5221.95 0 0
0.02048 8.58111 5330 5330 -1.47405e-07 9.82697e-09 5330 5330 0 0
0.02048 8.60159 5440.29 5440.29 -1.50454e-07 1.00303e-08 5440.29 5440.29 0 0
0.02048 8.62207 5552.85 5552.85 -1.53567e-07 1.02378e-08 5552.85 5552.85 0 0
0.02048 8.64255 5667.75 5667.75 -1.56744e-07 1.04496e-08 5667.75 5667.75 0 0
0.02048 8.66303 5785.02 5785.02 -1.59987e-07 1.06658e-08 5785.02 5785.02 0 0
0.02048 8.68351 5904.72 5904.72 -1.63299e-07 1.08866e-08 5904.72 5904.72 0 0
0.02048 8.70399 6026.89 6026.89 -1.66676e-07 1.11117e-08 6026.89 6026.89 0 0
0.02048 8.72447 6151.6 6151.6 -1.70126e-07 1.13417e-08 6151.6 6151.6 0 0
0.02048 8.74495 6278.88 6278.88 -1.73645e-07 1.15764e-08 6278.88 6278.88 0 0
0.02048 8.76543 6408.8 6408.8 -1.77239e-07 1.18159e-08 6408.8 6408.8 0 0
0.02048 8.78591 6541.4 6541.4 -1.80906e-07 1.20604e-08 6541.4 6541.4 0 0
0.02048 8.80639 6676.75 6676.75 -1.84649e-07 1.231e-08 6676.75 6676.75 0 0
0.02048 8.82687 6814.9 6814.9 -1.88469e-07 1.25646e-08 6814.9 6814.9 0 0
0.02048 8.84735 6955.91 6955.91 -1.92369e-07 1.28246e-08 6955.91 6955.91 0 0
0.02048 8.86783 7099.84 7099.84 -1.9635e-07 1.309e-08 7099.84 7099.84 0 0
0.02048 8.88831 7246.74 7246.74 -2.00412e-07 1.33608e-08 7246.74 7246.74 0 0
0.02048 8.90879 7396.68 7396.68 -2.04558e-07 1.36372e-08 7396.68 7396.68 0 0
0.02048 8.92927 7549.73 7549.73 -2.08792e-07 1.39195e-08 7549.73 7549.73 0 0
0.02048 8.94975 7705.94 7705.94 -2.13112e-07 1.42075e-08 7705.94 7705.94 0 0
0.02048 8.97023 7865.39 7865.39 -2.1752e-07 1.45013e-08 7865.39 7865.39 0 0
0.02048 8.99071 8028.13 8028.13 -2.22021e-07 1.48014e-08 8028.13 8028.13 0 0
0.02048 9.01119 8194.24 8194.24 -2.26617e-07 1.51078e-08 8194.24 8194.24 0 0
0.02048 9.03167 8363.79 8363.79 -2.31305e-07 1.54203e-08 8363.79 8363.79 0 0
0.02048 9.05215 8536.85 8536.85 -2.3609e-07 1.57394e-08 8536.85 8536.85 0 0
0.02048 9.07263 8713.48 8713.48 -2.40976e-07 1.60651e-08 8713.48 8713.48 0 0
0.02048 9.09311 8893.78 8893.78 -2.4596e-07 1.63973e-08 8893.78 8893.78 0 0
0.02048 9.11359 9077.8 9077.8 -2.51051e-07 1.67368e-08 9077.8 9077.8 0 0
0.02048 9.13407 9265.63 9265.63 -2.56246e-07 1.70831e-08 9265.63 9265.63 0 0
0.02048 9.15455 9457.34 9457.34 -2.61547e-07 1.74365e-08 9457.34 9457.34 0 0
0.02048 9.17503 9653.03 9653.03 -2.6696e-07 1.77974e-08 9653.03 9653.03 0 0
0.02048 9.19551 9852.76 9852.76 -2.72483e-07 1.81655e-08 9852.76 9852.76 0 0
0.02048 9.21599 10056.6 10056.6 -2.7812e-07 1.85413e-08 10056.6 10056.6 0 0
0.02048 9.23647 10264.7 10264.7 -2.83875e-07 1.8925e-08 10264.7 10264.7 0 0
0.02048 9.25695 10477.1 10477.1 -2.8975e-07 1.93167e-08 10477.1 10477.1 0 0
0.02048 9.27743 10693.9 10693.9 -2.95744e-07 1.97163e-08 10693.9 10693.9 0 0
0.02048 9.29791 10915.1 10915.1 -3.01863e-07 2.01242e-08 10915.1 10915.1 0 0
0.02048 9.31839 11141 11141 -3.0811e-07 2.05406e-08 11141 11141 0 0
0.02048 9.33887 11371.5 11371.5 -3.14485e-07 2.09657e-08 11371.5 11371.5 0 0
0.02048 9.35935 11606.8 11606.8 -3.20992e-07 2.13994e-08 11606.8 11606.8 0 0
0.02048 9.37983 11847 11847 -3.27633e-07 2.18422e-08 11847 11847 0 0
0.02048 9.40031 12092.1 12092.1 -3.34412e-07 2.22941e-08 12092.1 12092.1 0 0
0.02048 9.42079 12342.3 12342.3 -3.41332e-07 2.27554e-08 12342.3 12342.3 0 0
0.02048 9.44127 12597.7 12597.7 -3.48395e-07 2.32263e-08 12597.7 12597.7 0 0
0.02048 9.46175 12858.3 12858.3 -3.55605e-07 2.3707e-08 12858.3 12858.3 0 0
0.02048 9.48223 13124.4 13124.4 -3.62961e-07 2.41974e-08 13124.4 13124.4 0 0
0.02048 9.50271 13395.9 13395.9 -3.7047e-07 2.4698e-08 13395.9 13395.9 0 0
0.02048 9.52319 13673.1 13673.1 -3.78135e-07 2.5209e-08 13673.1 13673.1 0 0
0.02048 9.54367 13956 13956 -3.85962e-07 2.57308e-08 13956 13956 0 0
0.02048 9.56415 14244.8 14244.8 -3.93946e-07 2.62631e-08 14244.8 14244.8 0 0
0.02048 9.58463 14539.5 14539.5 -4.02099e-07 2.68066e-08 14539.5 14539.5 0 0
0.02048 9.60511 14840.4 14840.4 -4.10419e-07 2.73612e-08 14840.4 14840.4 0 0
0.02048 9.62559 15147.4 15147.4 -4.1891e-07 2.79273e-08 15147.4 15147.4 0 0
0.02048 9.64607 15460.9 15460.9 -4.27577e-07 2.85051e-08 15460.9 15460.9 0 0
0.02048 9.66655 15780.8 15780.8 -4.36426e-07 2.90951e-08 15780.8 15780.8 0 0
0.02048 9.68703 16107.3 16107.3 -4.45454e-07 2.96969e-08 16107.3 16107.3 0 0
0.02048 9.70751 16440.6 16440.6 -4.54671e-07 3.03114e-08 16440.6 16440.6 0 0
0.02048 9.72799 16780.7 16780.7 -4.64079e-07 3.09386e-08 16780.7 16780.7 0 0
0.02048 9.74847 17128 17128 -4.73683e-07 3.15789e-08 17128 17128 0 0
0.02048 9.76895 17482.3 17482.3 -4.83484e-07 3.22322e-08 17482.3 17482.3 0 0
0.02048 9.78943 17844.1 17844.1 -4.93488e-07 3.28992e-08 17844.1 17844.1 0 0
0.02048 9.80991 18213.3 18213.3 -5.037e-07 3.358e-08 18213.3 18213.3 0 0
0.02048 9.83039 18590.1 18590.1 -5.14123e-07 3.42749e-08 18590.1 18590.1 0 0
0.02048 9.85087 18974.8 18974.8 -5.24757e-07 3.49838e-08 18974.8 18974.8 0 0
0.02048 9.87135 19367.4 19367.4 -5.35612e-07 3.57075e-08 19367.4 19367.4 0 0
0.02048 9.89183 19768.1 19768.1 -5.46701e-07 3.64467e-08 19768.1 19768.1 0 0
0.02048 9.91231 20177.2 20177.2 -5.58011e-07 3.72008e-08 20177.2 20177.2 0 0
0.02048 9.93279 20594.7 20594.7 -5.69555e-07 3.79703e-08 20594.7 20594.7 0 0
0.02048 9.95327 21020.8 21020.8 -5.81338e-07 3.87559e-08 21020.8 21020.8 0 0
0.02048 9.97375 21455.7 21455.7 -5.93369e-07 3.95579e-08 21455.7 21455.7 0 0
0.02048 9.99423 21899.7 21899.7 -6.05647e-07 4.03765e-08 21899.7 21899.7 0 0
0.00512 9.99935 22012.1 22012.1 -6.03904e-10 4.02603e-11 22012.1 22012.1 0 1
